       N       E                     dE             d eps       ncg     rms          rms(c)
DAV:   1    -0.396201809172E+02   -0.39620E+02   -0.97086E+02 69280   0.266E+01
DAV:   2    -0.396431109255E+02   -0.22930E-01   -0.22930E-01 64320   0.856E-01
DAV:   3    -0.396431138207E+02   -0.28953E-05   -0.28953E-05122720   0.841E-03
DAV:   4    -0.396431138207E+02   -0.45475E-12   -0.77187E-12 64320   0.310E-06
   1 F= -.39643114E+02 E0= -.39643114E+02  d E =-.307769E-22
